11 · 111111111111171

13133331( (1331113333 1311311131( (11133 Ξ 3131133111 &1 &11521'11511111551551 (33(
3313131311113311111311111133ε1ε11111133113 (1313311331 33133313111331131113313111
31311311111133133( ((311 ((1311- -81313 331 3133131113 (131133 3113311 1,(33 3331( (1131331133,
113, ..11113311311111131-,1113 (331((113333, 11331( (133 13111313 1331 sant ,1111331311 31113113,
rm:551112515115 3133111113 · ⁷ 3 ⁷ (3111111131 ,3133131311 3113133131. 13131311,
1 ⁷ ³2³1 ⁷ . 1111113111113111333331(31131131111113131
(11.3133111131313113311 1551151115 (111113
, , ι ⁷ 31113113113333111 13113111· .(1(1(1133((11(>(1
. , , (1333133331. 11111. 1111313133( ,3113311113113113133113
((3133 (1313313133 ,3311113-13 113111ἃ113111313 51551151 (13311131113331313313111331311(
(313, ,1111333 (13113113 ,. (11( 113111113331331- (13311133 11313(31(,11113 1113 11113 1313313311(
· ” 131313, (1313111111 qb· (3111331333 331311111311311111(1111113111111·Ῑ
(1, 31113113(1111313313133131311113113311
3 1, ,31111113 (11133113, ((1 (1333113133 1313311 111( 1331333331. 3113313113 ee
1 3133331313 335131113533311131311133111111 (1113131333113 31 1111115 (331333111133333
(111 (3133133111 (11131,,131(1(>(3311’11133133 11331131 111 1(1(311(1(111(1111,313 3111113131
(1311311 3111 (31311113 131113 1113131111( F ,3113313 (3111311313311111333 (131 (33313
(3331111133(11(’3313331131131313113113111313333333 111 (313( uicem 11311831· (3131, 31331331
13,,333.11.,1(((11(1331(1,,(3.111((11311(13 (1131((11313111131313 1313111131, 131113
3,,1, (33131331133311 ((1((1113(((3((13,11(813 11133131((>(3131311(11131,((11131133311,((11
113133 3131 (33313 1( .11(( (3313311111 1113331111( 3311113331133131131((3131113111,1,, 111
11((13333313311111133331311111131111113111 1311111311, (1131113331 (1111331313331113111
’ 31333111· 11313113, 1131331313111311111 3113131131( 1131133111 1111131111 (31313311-
(111331111311133 ⁷⁷ ⁷ (13333 131111111113331( (1331331111,
113 3111131311133111131111111(31133131 (1111133113εά(1 (6311113311ἓί (1111113131
1331111311 1113133 ,31 1133331 ρ13111331333,331·13 (3133111113, 13113111313131333131ς13 (11,
(11113111333131113313111 311 3111331111( 1111311331· ,313 11133111113,11311,31111111
(11331333313 1313111311( 11, 131113, 3113113, 1313311133( (13133313, (1331113 313113
1313133333ώ111 (1311(311331313 (1313313 ,1113331333311311(1311311313
331 3131311313 13. (1131 311133 q1105d51111511d11111 1111311113 (1313311131 De1' ,(1111 33111 mer ,(1
((313 13131 313131(((111331(111(33313,131 (1133131311(11361313311133311331 ((1
(3333331 (3133 3133133311( ,11 (1113111,3((’( 11 G} (3(3333113311111113111131131113 3111113131
331( 13333 3331133311( ,1131333133133113111 115: ((3 131331 1113 uentribus 1 11((3,8( 1311113, ((11
1113331111( 1333131131331131 (1131131111 31(1.(’11131111333311111111113(111131,11131(11(1
3133131131( 1313113131, ((111 1111113311( 13111311((3311(1113(3((1(1,3(1,1111·1(13113,
est, 1313311313,113113313111313 ((111311,((31 (1311331111,
11311133 (3113311,11 {055⁷111115511'0115111, 13 11138113113113133113111113(1133133111((311-
,331311331133.13(3(,3(31111113(1(311313 (1331113(313131311311113131(1333113331-
1131 1111 133133· ·,1 ,1 (3( 1111311331 (1131331131 to q1101111111 1331113111 1115111111111511231511515
1111111131(1331113393311311311113331 (3.,31131131 (11113111311111311111133331111
(3311131131 111111113333( 11113111 1(131(11’1ε(,1131(33,1131313111311131111313113113-
31131( (313331 113 ,3331 1133 11113 (31311313131111 (11(333(1131111311(111111313111311131113( 3113
(313333,(11(1131111(3311333111313313,1( 311 111131,1(,1(13(>11(313 31 animai} (11( 133111-
111111 133 111333 (31.1 (1(..13131113313111111-13311111((3(11(111,31,(3131111(331(113(1(1131(3 ’
ξ131,(3313(3131331113,,1111113133133331- , 1(1,,(11331113311111333131111(
(33· ,((131ῑῗῖζρ, ’31131111131331 (1311311333 111111 (33313313111131131311, 311111· 1 3113313111
(131313 (11131113,3(11,,1(31(311, 1131113131( bus H 1133311113111111113313111111( 91111'11115111
3313333131( (11131313,1(11,31((113 permuta (11( ,131311111133311111111113 11311 11 q111¹11115
(1.3, ((133111133311((33131131113313111131, (33131311133311111331111311 (13113133,ἐ(’)11
131311ε1313313333311333111113113131111· (1113 (1131813131 1131331313111131111111333
(131(1313313111311311133111113111131( para (3131(.(>. ’1313113133 1111131311131111111 1311
(113, 1( 13 1111311313 3111331311 3311111(ἑά (11111311 1113 1111(,(>111((1(1113((111(11133311
31131111. 3331( 3 1311133311,1331311133113 prb 311,3(1(1(13311 3, (11131331113 (1111133111
(3111313333) 113 ο(131113111(1·11113313(>31’1331113313,13113111111131331(1311313313
1313111111(1(1(31(33.111133(13(13331τ,3( 111111111111133 3113113311( 31.11(111311331(3(
111313131313(13113331313111131113311133- 3131331113111113311111 (1311111133 (11( (111
13111111( (33111331 (1313313311111113111131 (1313,13(1113(131(1·11331331 131331( 1331. 111(
31331(11,1(1(1113131133131( 11111131 3311 (111131 33131( 11111 111 1111313313331111311

113133313311311311131131311111333(11131111(1(131113,1.,,111,111(ρ111 (11113131
13131133

 

