1190999111 1888919811 1191110019 109.

1111 01991198999919919109 8180810988101 8 ’9119 9198919199 1991909199 11999990. 19918
, ’9111991009899990991091199199 19991198

M* · 01100919,·109991199119191189 9180081081 1119
‘ ' ’,Γ ‘³ 81198990891119110899 91199 19991999,ου91
8098088008099191809101999991911909

11111119

ficorpor 1910099990* ’1991988199190891919
8911181119 9998999111 8989991119 9898919181 go
00991199.Ο199911189091σ191·01911919100981
991911 10110199191101110 90911919110110111080
(018910881081898110111198109091980199
191119111111191081,90190999111 (39119809 011
811998909009981991899101110881919111
1919111119 1191191001 1191910900111191
19001080090111 110109,091919·1919 9118991,
9089000889 1911101080101099910 000-

⁷ 9819118910 191199 8081111, M 1190089891 pr}

MMMaMfacereM 1111189991 9099919988 98
9111119999,98190111,81 ’1119 0991101001999
8181119999 ε11991991919911,81090011911
g‘fM‘er 011119 9191998911 099000191110199181
§MMMMMMM 191 9991191081111 1101819111 liga,
8999081901989 98111οῳ189111 9118.. 0101111
198199999108901191080901 901,990111 9919198
80981889990999199110111,9018119019990
81111119 11911191 1919111110 ekaeratioM‘em 8118·
19909090189019111 Non 991 01911 spu ¹

9099000190999191089191890099810099918 1190101809 1098980090999019190899

10189091981119,1991 1111191119οε11 1119091191 01101
1190898011909119190199 110991119900,
81100119 191919 101918909991191991190. 119919·
’811991100999999091911191111, 0119191110111111
1919010989111110999 09 111 0191119910 9101 109
90191901 1119110, (11119 91118011,8911191119 19
999119,889189911911908091110119119(1111191
81810099111191191191180 19091019, 9119119080
0188010199 11989 materia, 9119091 1180 11111919

01911111099811901181191118999199919010981
1991911999 91118910 11309, utplurimum 100811
0818910018111999199191199001119 9111999119
11109, quiMque, 091199090101919099110919119
9111911199·- Ψο19991198911999110808199ιο

899819109909,1999100811091111889089,18 ’
109, 1111911911 1990809811991111, 9999990018
19101819 101019898981011101111911819 11091011
1910911080 100111199901999011911199, Me 11191
1910,90·1990019 90 1100 1111901099- 9011191, 919
1191111199,9911001,1111981,11119111,1191 9199911191
9998191009.. ς1.01.11901119999111 ,9018181819801 ’
101099908011010010180 9919080999, 1111 09009
09111181οε199, 80109191911991991,90991110910
9991990100,1191911098911911199 9 M 0911 19110, ’
9111119811 1810919989, nos 101111 1191111 gasti
19191909089919919991099009919019891 xpe·
9901..1119918899900911981111101999909910
11· 19119111 99191999001999,990999989119919999 .

199089119811919 919919091919101 81111119· ς119008111080001000191991019909,8111180194

0990119099«811919911190189901010110919119ἱ

911898· 9811108190 91919 1119111190 1991111911,
9990090108010110001011118990 M
1910119911 1119101810( Vueaeeef 19919 9100 11119
91909898818 0001999111180,19010911919
80199010101100101990910091009108 89880
1190180101191199118119111019,1019091089911

8901910088. sach 0911191 1111009991οῑ 119919 10·

999919199011191919,111999098909 10001099·
nm corpus oMs 8911199, 9119 11119 1901019191, 19
9098198190990100999911999101 11999111, 9919·-
11111191 ca} 9199991199 8981 191900911011999,
89919910110111-1019 1091111119819190 ta 098001
8119810009981101191011 91111109, 09118119

99911999819011 ,91100198 Sed 8011119991
10900809000981199119098999 0098109111 f
9919811911 0090000899919 ,999 191 99 qam ,1
’091811 19008198011100980190910081199 'e
1111199Ηο1111911181191111,190108919999 regM
19996911 110,8.9.1191108191.111.99 19019001 ⁷
199. 890189001111909 1091809801191 1010199

1100019 01019910919919001 9101. 91901 ’99199
mento 9199199 eornm 8919118091· 190 ,Miz 9191

99110818 9111919090980998111099119 9009011908 ·
1198119111990890190110999998..9909911819 ’
19. 9008199010 0111’11,1ἒ191 0001108199
pez* 1 8111111911 Me 1111111081. m 9199 99109999
8050091913 Ψο99011109191990 ra:

9119099019 1110981110 9911110191 9910919 9011119- D 110 11191019 9109111199 11991811.·1,9991119990909

10911110 pennas 0191181101 09110 ,91919 VM
8990189109811919809080111111 99108019

8810119181891119009 dixerunt, 81999191·
MMMMMisfimMsiMe Antonius 111111 119919110-
89181911901199911189089 0109809111 110, &
cumipse 9991911911.9,9008111911101919919
1110181981 plurimum 1 gn· 99 119109990101981-
8010199111,19911809990101911111900919110119
11810,1911101190190 contagioso 1009809 09-

90909919109119980909119111990110111991,
Meque exsputo, 89 huiusmodi 10191190011119
801819911191190999190999910910901119

00999001991,1199991191809199919111

11119189 10091991,991191900181199810883
1999 <Quoniam 1911911119, 119 19111 90911915
quodfignumomr ,1,091· 891908 0991901 91189
119199,199191108111000880900901191091
900899919111010900911019110111 1919·-
1901999109,8901098090 90119998 1991100059
pam mm 119 ei 11191.. 9010999109910 119019 p 0
99111181 1911011 909191 ,91011181 90019181 1911009·
19989 89191109 9110911090 Me 19911991· 10911
89, tum 11119089· 188090010109009 0οκ
919 , 11190111 9919 101811108199911011990919-Ἰ
9101111998. 1011911099991 9919110119 non 908·
11191119991111190018181909091119119109911191
00 3 91118

 

